-1.324802590761213983e+00
6.164508304912701853e+00
-1.440524191320011749e-01
1.122944897892352439e-01
-1.518166460013740948e-01
1.330691631323765112e+00
6.393824097997397260e+00
-2.521933555300184815e-01
1.279977307529655273e-01
-1.749815854164005480e-01
-1.289074751029766874e+00
6.722914628944464788e+00
5.899812312571017792e-01
5.000986102079110207e-01
-1.887757236670083993e-01
1.290025791929272359e+00
5.782007011851624689e+00
-2.365995654716039898e-01
4.991975145496169164e-01
-1.825922289733023507e-01
-1.295805596173370544e+00
5.754220518794681993e+00
2.786683513857575178e-01
5.019414041113123837e-01
-1.870201169413354125e-01
1.274400287201593818e+00
6.966977180613115550e+00
-2.329134855313989838e-01
5.233399057020524658e-01
-1.895682153027432870e-01
-3.676445373954154161e-02
6.274134603887707051e+00
7.140079543865124334e-02
6.255804487534774694e+00
-8.123823897847087805e-02
1.326225347244661901e+00
6.159152003896696037e+00
1.057122472046339162e-01
9.157038554046353918e-02
-1.245215735517905126e-01
-1.332304261323626005e+00
6.392746958743787289e+00
-4.601989091464971787e-03
1.881398166769863989e-02
-1.172383260497343038e-01
1.292690099854884256e+00
6.116192850465958841e+00
6.159484115769653378e-01
4.923790625975072999e-01
-1.746229836468970176e-01
1.306782134150038743e+00
7.102000798549460647e+00
7.688109002929094382e-01
5.324635827698153134e-01
-9.152948713924005664e-02
1.328693421195972890e+00
6.579918782225147922e+00
1.787559531171624139e-01
1.332053269801958262e-01
-1.740158939321279352e-01
-1.286324092889770565e+00
6.185977245078139397e+00
-6.702547128266106435e-01
5.279811979288663304e-01
-1.796298016647379925e-01
1.336833795099241051e+00
6.391704084471062863e+00
-1.678603734430898558e-04
1.825283174345701878e-02
-1.222789169825402172e-01
-1.323916402077627730e+00
6.609629842336461891e+00
-1.007969023770893119e-01
1.426853023019710454e-01
-1.937203932817784802e-01
1.316846483071484109e+00
6.373336041969416499e+00
-1.047307315743826184e+00
5.233943380279456603e-01
-9.587367448844331952e-02
-1.329268464597656685e+00
6.342700760763613665e+00
2.505006128202494353e-01
9.689163005727187417e-02
-1.469277328180035314e-01
-1.284359162915366781e+00
7.173602527444137955e+00
-3.313543465284485845e-01
5.731398433350367583e-01
-1.333378273385207868e-01
