1.316258236266152570e+00
6.142101737294677122e+00
-2.537776550413749499e-01
1.760357569276244372e-01
-1.758352723715935484e-01
-2.149699121919952827e+00
6.463393512114127049e+00
-1.928517342892923508e-02
-3.840971335031486550e-02
1.142119307607648675e-02
1.277246224416322296e+00
7.353048245287205908e+00
8.736566748882556091e-03
9.332619308669063418e-01
-1.599889877293353135e-01
-1.268358422445161837e+00
7.473690846259432696e+00
-2.277637537593276973e-01
9.869127314887758962e-01
1.313600560930820171e-01
1.319694177797112511e+00
6.148086647831149776e+00
2.485778805533990499e-01
1.769350796391433167e-01
-1.800012593043266995e-01
-1.282661828875414356e+00
6.288799992784077197e+00
-9.023430918337227435e-01
7.983766441466545460e-01
1.851659104511155507e-01
1.291634340592085151e+00
5.466817389284379658e+00
1.344237933898558349e-02
8.885002518064067933e-01
-1.663285562556418851e-01
-1.321804214685702750e+00
6.705303462845864537e+00
-7.861819744537421051e-02
2.101378182516868420e-01
2.347451460015954061e-01
1.319623738456728201e+00
6.652773711436890558e+00
2.539825933218421983e-01
1.815622902971448793e-01
-1.747987856370094295e-01
-1.321712084753972283e+00
6.149599631986453652e+00
-2.181623490685938305e-01
1.681940156195219915e-01
1.986170081315828950e-01
1.298518475885973134e+00
6.391954014051330901e+00
-9.643286955027865481e-01
8.896513433168637963e-01
-1.633116488609507588e-01
-1.289611943315297271e+00
6.688097736732232512e+00
8.427149995223865986e-01
7.880242221421579485e-01
1.857227299468530712e-01
1.320657626173223020e+00
6.653515518196580381e+00
-2.559915845579459615e-01
1.770438083332048218e-01
-1.771353651027245402e-01
-1.326367256875903289e+00
6.292860330364895560e+00
3.045906959824930538e-01
1.541992776038563773e-01
1.912131372182401534e-01
1.289963511293933829e+00
6.391991673142396024e+00
9.752509211443439741e-01
8.727548700105539625e-01
-1.575953247350722619e-01
-1.285514212062035977e+00
5.514725819098003079e+00
2.163645962376573029e-01
8.164636571823912226e-01
1.958229768252687519e-01
1.338451892259674647e+00
6.388518910316187238e+00
2.749098356718817303e-04
3.036833359969081172e-02
-1.807107660478758648e-01
-1.331177773815226839e+00
6.395528877215562957e+00
-4.234365503897374698e-03
2.898325744818883859e-02
1.599739411196152428e-01
