-1.481527636977532758e+00
6.388804391977824793e+00
2.171410803823259628e-01
1.363460332697743471e-01
1.705293994055726847e-01
1.085431517808723489e+00
6.379041852840956039e+00
-1.406625190879469758e-02
3.397629123048364064e-01
2.736240947023000358e-01
-1.073783465852002905e+00
7.496308389616925361e+00
1.954596990398542455e-01
2.293067633934551264e-01
2.801559768791962723e-02
-8.129365884011161003e-02
6.392694613438846041e+00
3.110894560780541260e-02
7.491684411855238368e-01
2.139558267229391963e-01
-1.006101908442741166e+00
6.389929928525127423e+00
1.207300783124897955e-02
2.120931212680829125e-01
2.245728319008314933e-01
1.344491298151806680e+00
6.254397185046640217e+00
8.673012247751440366e-04
5.546199530488503393e-02
1.094431064922622809e+01
-1.449470876574835199e+00
6.388064131677687385e+00
-2.847366210121572982e-01
1.474155650084804925e-01
1.649461501958628673e-01
1.861856019793272976e+00
6.386514617576668940e+00
-4.354181900909786518e-01
5.160304802382797984e-01
1.980975047837283398e-01
-1.121085861754418156e+00
6.299043890800154699e+00
1.129528938512484260e+00
5.163086496822896221e-01
3.628256951880175496e+00
1.344326097885278237e+00
6.251434231961493282e+00
9.451028953799427883e-04
5.513126986130697377e-02
-1.082627697911270026e+01
-1.121220050241730437e+00
6.294167588610719122e+00
1.142048000471034497e+00
4.990243622628388054e-01
-3.485167493468876998e+00
8.231871730855552238e-01
6.398023012818621069e+00
-9.953718420451710402e-01
8.216727364826790225e-01
1.691542299876783173e-01
-1.331302841352912214e+00
6.391728272625434748e+00
-3.070009886769705146e-04
2.391721436997405401e-02
1.348194970632588252e-01
1.744386383483582881e+00
6.376012045496587177e+00
5.023752788447028994e-01
4.639580737511380115e-01
1.886677249762159780e-01
-2.080062207872324098e+00
6.399389605085873178e+00
3.930375323611455182e-03
7.127000403197187861e-01
1.870544605738721222e-01
1.041412579462889454e+00
4.811477737340116967e+00
-4.905598003254787315e-02
3.971996295011753220e-01
2.377554832301201695e-02
-1.032062110583819692e+00
6.375057986634020679e+00
-8.273948436281144403e-01
8.552198678381331964e-01
1.961945969702581505e-01
7.596516472758667593e-01
6.400305114389609251e+00
9.873389961841929630e-01
8.862989396482200410e-01
1.622918198486860142e-01
