9.132012648617431338e-01
6.385362021975429236e+00
4.031161263929929350e-01
4.156821963652455598e-01
-2.017865808329760702e-01
-7.858546067076765951e-01
6.386278565694119891e+00
5.119876561520999431e-02
3.187031968202553300e-01
1.973728012222684125e-01
8.952778500877088819e-01
6.386081705788525298e+00
-3.972110495140603881e-01
3.950298917973373847e-01
-1.945771903080782683e-01
-1.214734294002011161e+00
6.388445228503166540e+00
-2.346506425335123658e-01
1.187111903708030075e-01
1.827973742560551340e-01
1.612326439591738270e+00
6.388429863505849404e+00
-9.657370663950830547e-01
1.075859524955057767e+00
-1.599670392430522226e-01
-2.304102016279983456e+00
6.394510484111940229e+00
7.706487556698816965e-02
9.023361029751991724e-01
1.837782551771419692e-01
1.640423231922898850e+00
6.383489387005042204e+00
9.723569255673003564e-01
1.066145226757217346e+00
-1.551429768689494004e-01
-1.273206448158855641e+00
6.384617055843471611e+00
-7.717607477173213937e-01
7.556753338780889395e-01
2.322726141456307458e-01
2.094607026975453756e+00
6.385278921453866552e+00
-1.304601763547053039e-02
5.255935573542612760e-01
-1.954770104125090335e-01
-7.121070354908184408e-01
5.994429082967558386e+00
-8.821213508639368372e-01
-4.731326129083740875e-04
-4.915901425808081315e-01
1.346907247390337403e+00
6.391195720680278747e+00
1.602436909556239622e-03
1.917815528843121523e-02
-1.432584161248999233e-01
-1.338921468942693815e+00
6.391626240962961170e+00
3.006934962977029016e-03
2.258948471089643889e-02
1.512687941226396604e-01
1.459139490300414899e+00
6.389499869450964376e+00
-2.529028259081393393e-01
1.380844488739194909e-01
-2.176544728991306743e-01
-1.325265729320999286e+00
6.384689454965928768e+00
2.588233583363685475e-01
1.362042336619284644e-01
2.151708005465219620e-01
1.112902018431014328e+00
6.384223806662200573e+00
1.421999731377387131e-02
8.482411836696472640e-02
-1.451130496202490128e-01
-1.294332777530588174e+00
6.390126420771046867e+00
8.351858647931487134e-01
7.774718792073752605e-01
2.064187594308037055e-01
1.481873102990079127e+00
6.387597675552476595e+00
2.494367228422619265e-01
1.402985287000443893e-01
-2.109129863742595645e-01
-1.676379433344914460e+00
6.385163243278506151e+00
-8.936933919783004998e-02
1.608774978717661397e-01
2.097829972832324641e-01
