-1.023767381193413373e+00
6.329720289462397176e+00
1.044927166513727856e+00
1.910574803506213670e-01
2.075157865511458727e-02
8.552879361882607112e-01
6.336313347106697691e+00
2.316495899022638291e-02
1.385268443143847505e-01
9.633270314251937805e+00
-9.216461986987053434e-01
6.745734340094722725e+00
-1.919940521309024782e-04
3.436257373888114697e-01
1.765833805758144637e-01
8.528894128269228769e-01
6.336090818081299147e+00
2.364430413697604996e-02
-1.370670122293198290e-01
-9.473762210381197590e+00
-1.342873296795405569e+00
6.382802271467476807e+00
-8.297156681880078766e-02
-1.996105891247549474e-02
-8.102199515217368031e+00
1.484665012888515045e+00
6.177088052795258299e+00
-4.728440186194592283e-03
-1.370679868078155672e-01
1.814616882104310991e-01
-9.993140756231830846e-01
5.969314771220411764e+00
-3.131335332532850062e-03
3.557798490438638384e-01
1.823146357137505613e-01
-2.789499183238814406e-01
5.207789668509907877e+00
-3.393960306921064637e-03
1.263359177282110668e+00
1.117632417454538646e-01
-6.102875249320094397e-01
7.539813574196999824e+00
-9.188460883575466989e-03
1.299940853291251752e+00
1.192374930351650930e-01
1.245308193539627961e+00
5.619347652847802799e+00
3.313378526827063814e-03
6.815241115779184788e-01
1.940361895969879291e-01
-2.447975832902515858e+00
4.533808082691439978e+00
3.477582532305872887e-02
-1.529333930335458752e-03
2.943428757891762282e-01
1.091314017107701151e+00
6.367402855585414301e+00
-1.053852759161959085e+00
1.879717418282659258e-01
2.392995416678206713e-02
-1.146963038268340007e+00
6.351094632588581312e+00
-2.282071765543823745e-03
9.483825404004586623e-02
1.237332318017204669e-01
2.108992290766315225e+00
6.498293060217861239e+00
4.218886410580239762e-03
7.633383389277955677e-01
1.733540030330852355e-01
-1.909615612920036343e+00
6.836742196277930894e+00
-1.842411049529514566e-03
7.024394131693033616e-01
1.637226958154500700e-01
1.329490846972379403e+00
6.388066764822078802e+00
-4.305794920885777297e-03
2.206342346863023052e-02
1.323095944557870218e-01
-1.448015254613457037e+00
6.649716790003110667e+00
1.824088328152533326e-03
1.250830765050102988e-01
1.382062362073871176e-01
1.420215388873617313e+00
6.654605686859666136e+00
-2.558780262130030871e-03
1.462579540882960050e-01
1.822164318811772543e-01
-1.342911943295603594e+00
6.382849513850573864e+00
-8.174713282042939122e-02
2.005643080491501321e-02
8.175889761442808990e+00
1.047314101151349819e+00
7.178544198063341319e+00
1.233379753285518974e-03
7.125082980768484564e-01
1.915204490759280231e-01
-1.559998539418742780e+00
6.198295469847763250e+00
2.693082729158607479e-03
1.445553012894007505e-01
1.619039184978433299e-01
9.800520947843592567e-02
6.353846624064296122e+00
-3.032431448487229921e-04
6.880175649285236172e-01
1.945749943065626653e-01
-1.866894285233240636e+00
5.668521601698865098e+00
-8.245893050494347218e-03
8.552062027447877579e-01
1.319654396640037586e-01
1.077829021130516152e+00
6.383243639042758488e+00
1.162349376600284145e+00
2.144030090927422361e-01
2.091173268521113321e-02
