9.055841362728591637e-01
6.005942814662228457e+00
3.003341846686657501e-04
3.802189931524207478e-01
-2.034036919582366265e-01
-8.908637916617875296e-01
6.015493204016890694e+00
-5.990998474275623315e-04
3.726837845278673234e-01
2.038328772213417184e-01
1.106890645807900420e+00
6.393180407936538856e+00
1.476400395459932921e-03
7.540526276607922851e-02
-1.288535732784932553e-01
-1.502575317993713799e+00
5.348878237720598783e+00
1.163056850850733388e-03
9.372428746362440055e-01
1.545060863888685354e-01
1.346602313177488464e+00
6.389868100681035834e+00
-3.748982968712050775e-03
1.822224103570832185e-02
-1.379833814967787731e-01
-1.131290167603478114e+00
6.392380496851129301e+00
-1.456490943875136859e-03
8.103686812201041367e-02
1.508226635858826714e-01
1.842255961467420988e+00
6.316508231249300387e+00
2.177861853644133799e-03
4.106378522142906662e-01
-2.184223066974978200e-01
-6.288727636929424269e-01
6.572283871752039985e+00
-1.115769472217830849e+00
1.358870592202726397e-03
3.167421596240736825e+00
2.906306147078006052e+00
6.451420163429886223e+00
2.017734998150609669e-03
1.451686227955312658e+00
-8.375512979284080450e-02
-1.479938365642046172e+00
6.133454281377800577e+00
1.835665754894438622e-03
1.418704567508811132e-01
2.153042444341763395e-01
8.894358433379266904e-01
6.391752486248400977e+00
1.096647057164271466e+00
3.545243307750684525e-01
-1.961346898249217291e-02
-9.352161373123261123e-01
6.379632886119374291e+00
-1.102615870104368012e+00
3.081060120437238981e-01
2.169447750069782022e-02
1.417423297514976754e+00
6.155571957941281092e+00
-2.425704959048327614e-03
1.085089728527735276e-01
-1.751250641259924634e-01
-2.111809326629181971e+00
6.348563156547908370e+00
-3.914779210639679485e-03
6.600512878043041098e-01
2.114789943391339189e-01
1.440821107595269046e+00
6.635438494938490805e+00
3.013257686518842947e-04
1.316614617553084343e-01
-1.992873781915565912e-01
-1.492614340019257746e+00
6.633029668185910666e+00
-8.443344078931685386e-04
1.482819264167131723e-01
2.196440717346075933e-01
8.600847098316054540e-01
6.757504997992925588e+00
-2.194448135542413983e-03
3.704412672688641162e-01
-1.854187558382391632e-01
-1.352209416870838510e+00
6.382865337988349097e+00
-1.040159471602850050e-02
1.841332139231100298e-02
1.386783552920956564e-01
9.061638427329825607e-01
6.396679332503429904e+00
-1.152631817186168695e+00
3.316148681410799881e-01
-2.150764030410431960e-02
-9.487608615567882930e-01
6.362829608816887195e+00
1.112667819699575622e+00
3.081079581996873373e-01
2.154956875549247225e-02
1.512994851408006269e+00
7.323815248764797836e+00
1.072744252361835463e-03
8.783586105530045707e-01
-1.769479063086770998e-01
-9.027386744668259855e-01
6.794680170240019912e+00
1.958238541155522035e-03
3.853482231859874374e-01
2.071394611211916092e-01
1.496123591575504008e+00
5.371223910241094579e+00
-2.838504382619292526e-03
9.347153536308303590e-01
-1.547688542045770055e-01
-1.601934175866658983e+00
7.418653911445383997e+00
5.930438264648981231e-03
1.008033051427557281e+00
1.521993638853442465e-01
