-1.524364956129803383e+00
5.736690361113482517e+00
5.618843851384867083e-01
9.890499613713873428e-01
2.345202881159722252e-01
-1.942164039709514956e-01
7.478190129446918633e+00
2.084523253877049176e-01
1.857047282934350729e+00
-1.530241438164189338e-01
1.593439341178748858e+00
5.518024833758107484e+00
-6.097381325094010547e-03
6.587550704602352925e-01
1.764839257684554796e-01
-1.414644841364171901e+00
6.396265141404446908e+00
-3.521754642039385836e-03
1.460729170916028052e-01
1.894037035509518463e-01
1.604053670060482162e+00
6.276581262193969835e+00
8.592578454986634640e-01
6.741283089991868538e-01
1.780664082302726714e-01
1.409898287909489234e+00
6.390361428933532650e+00
-1.301471692662785372e-04
1.379723500440389605e-01
1.997166537145967091e-01
-1.522033352377560877e+00
7.235851858948294080e+00
2.955941526798380736e-01
1.078666067389190797e+00
2.268793027233683424e-01
-2.055154016953436857e-01
5.976575561891598554e+00
3.499889937096055670e-01
2.150605428535185215e+00
-2.672092784890361394e-01
1.634633583717541416e+00
6.387376109889040698e+00
-8.751573256879874307e-01
7.264511729010812990e-01
1.905906928819357804e-01
-1.531759870735146301e+00
6.193670331147912655e+00
-8.780542014621171010e-01
1.049354909518939172e+00
2.206189586732244523e-01
-1.778887239287141597e-01
6.286675547305486944e+00
-1.148104292530473414e+00
1.826472642095583465e+00
-1.426329819074482197e-01
1.614021165750523457e+00
7.264901420123550224e+00
1.076746870166344489e-01
7.310503108916198700e-01
1.844624440299285906e-01
