-1.599968304579598710e+00
6.386728854304032588e+00
-4.790903886609193529e-02
1.343782075704339496e-01
1.804879289890874705e-01
1.316315984682375984e+00
6.172355179098823363e+00
-1.199631589787010510e-03
1.729853198224821365e-01
1.544281998924929411e+01
-1.699963246350826518e+00
6.390856611599882164e+00
6.183151596527941551e-01
6.862811538831359304e-01
1.788569443389818880e-01
1.225181935793363097e+00
6.443119597507340757e+00
8.641583681216942203e-01
6.585980143620471239e-01
1.600674392478121932e-01
-1.278024459936232260e+00
6.383385571855085594e+00
2.865457508652970997e-01
1.135210515870583026e-01
1.474111194272755554e-01
1.127776305371371857e+00
7.873683797407067253e+00
5.926341797471479378e-02
3.532459324758869812e-01
1.915663497000814550e-02
-1.168676478873953650e+00
6.388034098903960789e+00
-1.063948513316811395e-01
7.721957785698152499e-02
1.234945638654217498e-01
1.225030278125405880e+00
9.538148521857037210e+00
-6.318213024740134687e-01
3.962447309858459915e-02
8.537875727845711110e-03
-7.736150412485705008e-01
6.390864785178032470e+00
6.478055378654364038e-02
4.041785876587590254e-01
2.058094636583122916e-01
1.187128458236042183e+00
6.444117663707222832e+00
-8.806261364050780305e-01
6.863035285003246111e-01
1.647764133686766830e-01
-2.053573927698427948e+00
6.385496445869995874e+00
-5.581490690606655258e-01
9.026759466747014127e-01
1.374670030101370621e-01
2.107324712860809246e+00
6.022953374782424874e+00
-5.953588602998258206e-03
6.617699124180363990e-01
6.312714141744395491e+00
-1.281441414837726445e+00
6.387366284353575452e+00
-5.036366595605542562e-01
2.449607677021316543e-01
1.373244437659092987e-01
5.667829369413101004e-01
6.393240392203620281e+00
1.618385887269356560e-02
5.552828237577946968e-01
2.085477811340133714e-01
-4.129590806775446654e-01
6.378713744269135510e+00
-8.904680005302937351e-01
1.074796954733136634e+00
1.661305678323377055e-01
2.110646588399399004e+00
6.012241585573030456e+00
-6.122520958980317250e-03
-6.525630581899921623e-01
-6.181599441661760785e+00
-1.347767645762106170e+00
6.390996660465536827e+00
8.159416660006843514e-03
1.877161091477053817e-02
1.121150985237993614e-01
1.335774138028399172e+00
6.386906723141437148e+00
1.648116176235553745e-03
1.547169694688705147e-02
1.069122104447390031e-01
-3.145050830614566362e-01
6.373562215096195693e+00
9.986928649249632306e-01
1.103155750451984218e+00
1.473783603307485535e-01
1.316185419817377245e+00
6.167806990600291250e+00
-1.159719300200582953e-03
1.718722221648979198e-01
-1.525029219924233992e+01
