1.630977050412517615e+00
6.377808403370021750e+00
9.899869289654308346e-01
1.048915917414760424e+00
-1.533321205956257871e-01
-1.213469053676695442e+00
6.388707242618654192e+00
-2.330615115910698865e-01
1.181278408239189032e-01
1.808399440772333611e-01
8.919851977736809046e-01
6.384856531235908683e+00
-3.889927007657016933e-01
3.900986497024570565e-01
-1.965701650100784015e-01
-2.279931833144326792e+00
6.394584984836383157e+00
7.824944696174436498e-02
9.073649306824161931e-01
1.895722773752563650e-01
1.486306703941527196e+00
6.388211660716901719e+00
2.479793024238597654e-01
1.414720652383296695e-01
-2.111019906258236323e-01
-7.866334702488563257e-01
6.386141822660694523e+00
5.033220947498592834e-02
3.208611603814572333e-01
2.018646512491006073e-01
1.458809452654277861e+00
6.390040365979123393e+00
-2.520831082426631675e-01
1.378668385398476859e-01
-2.167962502074732289e-01
-1.268448801452235930e+00
6.383747924618395686e+00
-7.798700856468822051e-01
7.369810541834117545e-01
2.319685702398594507e-01
8.335300220339619814e-01
7.593854400045128905e+00
5.809607375564350938e-03
2.703115133326023933e-01
-1.386152281185793270e-02
-1.339017395171393288e+00
6.391567435525383978e+00
3.174261284095778422e-03
2.234104436333679902e-02
1.501971435997932480e-01
2.096271936555562210e+00
6.388050742249550495e+00
-2.093817032777696083e-02
5.613114311326541372e-01
-2.022058603079650296e-01
-1.326265257810470999e+00
6.384727225842369513e+00
2.567869194060996008e-01
1.368104913711821191e-01
2.151500246206968225e-01
1.116108132214577831e+00
6.384991598986949235e+00
1.647200313859980073e-02
8.439588739224079816e-02
-1.448183160449567075e-01
-7.039377031369984383e-01
7.627639988765103851e+00
9.618256743022132044e-03
2.592366159036003648e-01
1.403335081229654599e-02
1.347022120307677540e+00
6.391030446264891474e+00
1.714591758173091484e-03
1.899115605434829532e-02
-1.422933958212264371e-01
-1.287194322393641510e+00
6.389831739204826278e+00
8.462761764283164290e-01
7.552346429571630271e-01
2.054563837491833189e-01
1.583228292802540516e+00
6.381790838343198047e+00
-9.861676138323699492e-01
1.039966906411244896e+00
-1.588288972189927928e-01
-6.688179236936931948e-01
5.159063393345914683e+00
5.366021904805134968e-02
2.282248860845982885e-01
1.394693033120701121e-02
9.136948171893998216e-01
6.383440774437137755e+00
4.060221785374533710e-01
4.125666497827788493e-01
-2.033741613783746072e-01
-1.672923158574849634e+00
6.385236853174075300e+00
-9.151237662016224739e-02
1.616064569188751521e-01
2.091863199196344891e-01
