-1.198959052030859507e+00
6.965708555273883995e+00
4.663824329482861297e-01
2.025443251523911525e-01
6.068221174932642709e-02
9.108005085570893833e-01
5.970251203870554413e+00
9.508997681551363268e-01
-2.204342525062550351e+00
4.824015521971227183e-01
5.967186813425934266e-01
6.947577442428538141e+00
3.374713257257715843e-02
2.864575145266099021e+00
-2.261773815730294857e+01
2.409189181946308711e+00
5.679353418253801244e+00
2.170011942590736320e-01
1.560058200587056021e+00
1.240943564350514006e-01
-6.984281929837860003e-01
6.872731562571737562e+00
4.021609489426330314e-02
3.436537402901753691e-01
1.311978185293424803e-01
-9.051505040341608632e-01
5.952272651065059428e+00
3.276724795336112550e-02
-5.731430609363448170e-01
-6.943032279510090632e+01
8.699062034753027861e-01
6.860408678631335633e+00
3.123220434041801968e-03
9.661884501007979020e-01
3.253956630308645259e+01
9.076230343450203408e-01
6.211433607178210359e+00
-6.510822399072820899e-01
2.505581782207803698e+00
9.291138594841109599e-01
6.226634240559697497e-01
6.998165955432151364e+00
4.851725870224748299e-02
2.816119895674803253e+00
2.070999130363422935e+01
1.369052841864737857e+00
6.402601374064715856e+00
-3.797940828532248968e-03
2.175736247258852341e-01
7.002026510338750676e+00
1.369105965830097693e+00
6.406157122969978523e+00
-3.885569904548907740e-03
2.171840459274732849e-01
-6.992508872457391611e+00
-1.221382872527059238e+00
7.261121534424950674e+00
-2.319987400162313862e-01
1.782386774858145395e-01
-1.154756723401564322e+01
-1.137217485859768340e+00
5.193065499072972990e+00
-3.412492726313111346e-02
1.951642625434659495e+00
-3.045855205413064981e-01
-9.342037636552855684e-01
6.138859468935335961e+00
3.863314158711970286e-02
6.052118999097978458e-01
-2.617014737759764742e+01
-9.235801252386974802e-01
6.052916761897538578e+00
3.612015129529663748e-02
5.910129131234113098e-01
6.336864703409107591e+01
-1.070356689009812401e+00
6.651584071147190080e+00
2.303909073813164565e-01
2.842378565606527019e+00
-1.769290092976637752e+01
-8.924302876823881903e-01
5.898183880760931252e+00
3.083842376881025873e-02
-5.634055783117538629e-01
3.205616151985626772e+01
6.057075105474241106e-01
7.966912828642191968e+00
-1.282452542156034214e+00
1.294417247544455529e+00
1.070955056839833219e-01
8.605794631954913898e-01
6.765355127989691297e+00
4.973330948638791417e-03
1.009373490743504798e+00
3.235761440894959406e+01
8.655191085913470639e-01
6.815370161014304706e+00
4.075419656508134578e-03
9.870160050474789948e-01
-6.470418158815969889e+01
-1.030763597542472265e+00
6.630418690206391297e+00
1.800347344188035770e-01
2.882674664276386967e+00
1.953091261593023376e+01
-1.308394571632725878e+00
6.739613679336247998e+00
-5.579912450198351026e-01
2.487072065354277939e+00
-1.040435571512287938e+00
-1.221598398258984641e+00
7.259959270217086313e+00
-2.318127818004839802e-01
1.789672797019828676e-01
1.158889889592597378e+01
-1.313399831846598476e+00
5.887828051202213864e+00
5.946854807176881197e-01
1.910312457996641566e-01
-2.310259511011350173e-02
