1.186017993620239297e+00
6.605210065286545529e+00
1.840875725214532587e-03
1.181682925557070024e-01
-1.796183817115220849e-01
-1.437518443480932717e+00
6.641709398488275795e+00
5.331640505598217710e-04
1.505793350437599765e-01
2.224181859383499715e-01
2.264912500358827074e+00
6.352756283259836323e+00
-5.789276936178324633e-04
8.916143400775583538e-01
-1.956869495122444125e-01
-2.222123613604218395e+00
6.399037692860186866e+00
-3.676598509834224423e-03
6.838049557834359193e-01
2.365699874865931640e-01
1.662719536057720493e+00
6.538059761451934015e+00
1.665561684551386794e-03
1.495255407744441323e-01
-1.948314069375573221e-01
-1.323656880198814889e+00
6.383374920266536634e+00
-1.281274117027847957e-02
2.546761548363837488e-02
1.703019077227387879e-01
7.999550406953540582e-01
6.296282287437125369e+00
-2.240495784357982544e-03
3.101414875060618526e-01
-1.957714660530294193e-01
-1.228778890036987592e+00
5.564464865104014279e+00
-2.295448476551528662e-04
8.027130865895061307e-01
2.155419917154227649e-01
1.332483683170598399e+00
6.382924984460506934e+00
-4.021511871951848581e-03
2.255696286894428443e-02
-1.553924674084606328e-01
-1.219422180221947594e+00
7.214070162267346653e+00
-2.824692454334838589e-03
7.933400295532949675e-01
2.151210148826732949e-01
1.227182614510430980e+00
7.154158379778858823e+00
2.288206653019800654e-03
7.530515778157488294e-01
-2.299502780679011649e-01
-8.930173637984926138e-01
6.377281405527829072e+00
4.318115931524304282e-04
2.616962398991096173e-01
2.531080939002872676e-01
1.373611627642783661e+00
6.127277452202227082e+00
-2.210728335179840826e-03
1.491421388497610190e-01
-2.291329866273556226e-01
-1.456206173438718610e+00
6.136465088642368393e+00
2.098353543511100126e-03
1.479504908451086120e-01
2.229004075165695320e-01
1.281407311813994143e+00
5.523231375077105376e+00
2.479467519999900733e-03
8.222570716113656308e-01
-1.929373288606976711e-01
