-1.954126242079765419e+01
3.289421515549646102e+01
3.303447701470477682e+01
1.083167884092195665e+00
1.720285342804517654e+02
-1.212691346230615995e-02
6.395763551435959648e+00
-9.661988046708012146e-01
2.247901884056223931e+00
-2.288137184334256744e+03
-1.219749780484411308e-02
6.395653903158496689e+00
-9.432634113082691840e-01
2.264615124703291738e+00
1.103750201471171295e+03
4.245156473910747241e-01
-1.077266782963083074e+02
-1.372259625102811853e-01
1.270906989785584688e-02
-2.399111532224834420e+01
-4.361559629839874552e-01
6.454520752808106998e+00
7.763560081281222214e-01
5.331965155780757387e-05
1.807917902563934975e-01
-2.943479215237108656e+04
-1.598831212135618989e+04
2.961586363543133120e+04
1.738951590362869979e+02
-1.161415511481414316e+06
-5.795623048190905457e-01
6.066160469205125416e+00
8.611287711630712938e-01
1.776692068945079914e-04
1.024624344163511669e+00
-2.965357630172981152e-01
6.550281850704211095e+00
-6.687471601607900551e-01
-3.827337566534937769e-04
-1.080458660435657248e-01
3.438326711403406858e+08
3.664433895066015124e+08
-1.337066075259334445e+08
-9.376346312371571548e+05
-5.868935342406225204e+09
1.361889331455197134e+04
-5.768006681037834824e+03
-1.229732522583278187e+05
6.893959985517895461e+01
-3.344238602559615974e+05
4.072543488714277191e+04
-2.436047342576671872e+04
6.363930656785710016e+05
9.506245978554285330e+02
2.835695458000350278e+06
-1.206094935933388693e-02
6.395868767202419924e+00
-9.874510654152798272e-01
-2.231823334077896792e+00
1.184683397806149515e+03
